-0.137059 0.221099
-0.14472 0.20247
-0.15159 0.217387
-0.146906 0.199888
-0.143699 0.19888
-0.149503 0.214696
-0.156322 0.202262
-0.167226 0.218643
-0.167142 0.219653
-0.144362 0.197934
-0.136513 0.212216
-0.160868 0.21458
-0.160878 0.19993
-0.160853 0.203136
-0.157569 0.191372
-0.135865 0.206316
-0.135608 0.206193
-0.162555 0.206092
-0.150302 0.202764
-0.160913 0.222745
-0.167525 0.224015
-0.163647 0.220601
-0.164355 0.211055
-0.176024 0.203316
-0.153185 0.214516
-0.163563 0.21878
-0.171646 0.229407
-0.160741 0.219641
-0.157199 0.226161
-0.179141 0.23349
-0.165647 0.23532
-0.165647 0.23532
-0.155686 0.237804
-0.160446 0.23176
-0.155006 0.219921
-0.159735 0.241667
-0.152671 0.241365
-0.175681 0.24889
-0.155203 0.230342
-0.176376 0.225356
-0.150715 0.213997
-0.153675 0.241944
-0.144298 0.244605
-0.149344 0.249526
-0.171355 0.258885
-0.170469 0.255454
-0.162494 0.244399
-0.154634 0.244699
-0.157218 0.243245
-0.147945 0.246021
-0.156268 0.246873
-0.160802 0.260349
-0.156196 0.237778
-0.172162 0.264016
-0.166699 0.256188
-0.139451 0.254296
-0.153077 0.275852
-0.161821 0.272601
-0.163955 0.272037
-0.167157 0.276803
-0.156293 0.268294
-0.175393 0.283874
-0.16539 0.281072
-0.150872 0.262848
-0.156909 0.28387
-0.156909 0.28387
-0.154143 0.267006
-0.176314 0.294416
-0.166469 0.292306
-0.157913 0.260754
-0.171459 0.301314
-0.165636 0.289819
-0.16933 0.310964
-0.16933 0.310964
-0.165346 0.303616
-0.158052 0.295607
-0.156907 0.288659
-0.1461 0.286705
-0.158569 0.304113
-0.164767 0.306205
-0.173178 0.318949
-0.160373 0.30704
-0.153186 0.314982
-0.173069 0.323376
-0.159824 0.322583
-0.175643 0.328478
-0.152458 0.296893
-0.152919 0.30668
-0.152589 0.306246
-0.141798 0.298161
-0.174659 0.328131
-0.145128 0.300484
-0.158031 0.333878
-0.158031 0.333878
-0.15885 0.30827
-0.156137 0.33217
-0.15041 0.323682
-0.143395 0.301421
-0.174783 0.334864
-0.159984 0.327802
-0.163475 0.319718
-0.149109 0.325769
-0.185055 0.335034
-0.167464 0.342558
-0.161081 0.321143
-0.163694 0.325161
-0.163611 0.330033
-0.175189 0.35019
-0.16506 0.338705
-0.181402 0.359024
-0.161285 0.335457
-0.166049 0.352368
-0.173804 0.345269
-0.159129 0.337064
-0.163492 0.33742
-0.153892 0.341519
-0.166658 0.353595
-0.165637 0.362851
-0.180548 0.359627
-0.161966 0.355515
-0.163128 0.339198
-0.181411 0.368768
-0.195104 0.379155
-0.18736 0.371799
-0.190936 0.377343
-0.172995 0.367861
-0.170746 0.347536
-0.170746 0.347536
-0.182154 0.339583
-0.199536 0.403958
-0.20673 0.366926
-0.180505 0.388837
-0.175097 0.354977
-0.171236 0.360724
-0.190649 0.356198
-0.197036 0.39947
-0.184124 0.354433
-0.197506 0.362348
-0.196773 0.362795
-0.183526 0.348696
-0.194311 0.351632
-0.194311 0.351632
-0.181041 0.343366
-0.181041 0.343366
-0.198134 0.372249
-0.195357 0.349848
-0.178123 0.342475
-0.180753 0.340586
-0.179952 0.340859
-0.180839 0.344151
-0.179435 0.343948
-0.197964 0.368089
-0.191333 0.386888
-0.2016 0.343092
-0.212322 0.344841
-0.212322 0.344841
-0.180765 0.327623
-0.186763 0.333819
-0.201559 0.359338
-0.191895 0.341133
-0.202195 0.361258
-0.192036 0.332942
-0.188032 0.331932
-0.210026 0.347625
-0.192038 0.347426
-0.195435 0.344672
-0.204622 0.347623
-0.190367 0.344638
-0.193435 0.33462
-0.192206 0.322327
-0.191469 0.313022
-0.192517 0.318249
-0.202855 0.325485
-0.190759 0.313453
-0.192804 0.312613
-0.204201 0.316677
-0.20361 0.34128
-0.19499 0.322843
-0.189453 0.306134
-0.189453 0.306134
-0.184826 0.30001
-0.193133 0.315004
-0.201413 0.307162
-0.213259 0.313797
-0.206367 0.315339
-0.20332 0.296725
-0.20501 0.294742
-0.199304 0.313582
-0.207726 0.284279
-0.19015 0.279583
-0.198265 0.275029
-0.192139 0.276795
-0.20552 0.294064
-0.196597 0.278756
-0.219159 0.296871
-0.190936 0.285852
-0.19051 0.281532
-0.200392 0.276187
-0.213275 0.28045
-0.205921 0.259754
-0.196939 0.237468
-0.214189 0.270498
-0.213929 0.240557
-0.200328 0.258094
-0.201663 0.251134
-0.18602 0.235136
-0.187172 0.232607
-0.21252 0.233935
-0.21266 0.230814
-0.183269 0.217246
-0.202123 0.240785
-0.215546 0.238858
-0.19603 0.205264
-0.198372 0.228587
-0.199352 0.208393
-0.217579 0.210073
-0.194453 0.215376
-0.217129 0.200178
-0.215631 0.197222
-0.205918 0.195252
-0.212409 0.186447
-0.212914 0.18681
-0.216738 0.181841
-0.216561 0.181747
-0.1904 0.171662
-0.190252 0.17126
-0.19504 0.157702
-0.194652 0.159102
-0.196214 0.152226
-0.195967 0.152729
-0.200944 0.152553
-0.220336 0.158935
-0.199784 0.148179
-0.200517 0.147578
-0.198486 0.141075
-0.198486 0.141075
-0.217512 0.138159
-0.217682 0.138694
-0.215946 0.130589
-0.21516 0.130399
-0.21348 0.128906
-0.212806 0.128655
-0.212353 0.125001
-0.212277 0.125416
-0.206262 0.122848
-0.205216 0.122915
-0.190051 0.109996
-0.189377 0.109589
-0.221047 0.122849
-0.221047 0.122849
-0.205325 0.113076
-0.205325 0.113076
-0.197359 0.108979
-0.206525 0.109955
-0.198781 0.0993318
-0.191641 0.0968826
-0.206095 0.105381
-0.194248 0.0983256
-0.20553 0.112388
-0.192372 0.0946561
-0.191248 0.106948
-0.197042 0.0928649
-0.192444 0.100386
-0.189661 0.0810438
-0.194731 0.101423
-0.196499 0.0912779
-0.21209 0.0968833
-0.196963 0.086779
-0.192324 0.0840751
-0.19199 0.0834902
-0.195285 0.0664673
-0.189737 0.110376
-0.189738 0.0881944
-0.192095 0.100837
-0.185162 0.0862398
-0.200469 0.085534
-0.193902 0.0814746
-0.203752 0.0849343
-0.208682 0.096992
-0.185666 0.0675425
-0.212596 0.0777075
-0.191405 0.0860476
-0.186823 0.0811298
-0.183745 0.0815237
-0.190495 0.0757564
-0.181953 0.0594899
-0.182712 0.0745564
-0.19139 0.0799395
-0.175102 0.0695975
-0.190617 0.0607495
-0.179827 0.0589447
-0.179827 0.0589447
-0.190688 0.0668159
-0.183844 0.0667908
-0.184505 0.0623207
-0.186884 0.0736987
-0.168339 0.0577085
-0.189168 0.0770896
-0.17353 0.0650375
-0.17353 0.0650375
-0.190005 0.0538354
-0.190005 0.0538354
-0.196293 0.0455763
-0.174999 0.0547873
-0.175027 0.0550667
-0.176275 0.0425738
-0.175095 0.0431269
-0.17542 0.0529894
-0.174627 0.0527434
-0.174627 0.0527434
-0.177253 0.0590499
-0.199174 0.0464735
-0.198943 0.047007
-0.169861 0.0459277
-0.170641 0.0457391
-0.17948 0.0508459
-0.180036 0.0507871
-0.185579 0.0525577
-0.185915 0.052986
-0.176209 0.0330151
-0.175686 0.0332222
-0.200079 0.0344456
-0.199587 0.0346566
-0.184624 0.0501557
-0.184745 0.0493698
-0.189904 0.0501696
-0.20553 0.0561906
-0.20553 0.0561906
-0.2004 0.0233655
-0.194128 0.0318985
-0.193178 0.0319098
-0.174274 0.0243999
-0.173869 0.0241263
-0.194067 0.0258147
-0.194458 0.026347
-0.212107 0.0334809
-0.213466 0.0343518
-0.206591 0.0116573
-0.20632 0.0117354
-0.213603 0.0314003
-0.213814 0.0312693
-0.18682 0.036039
-0.187803 0.0364024
-0.187803 0.0364024
-0.194098 0.0266922
-0.194098 0.0266922
-0.195437 0.0139389
-0.208104 0.0314429
-0.209143 0.0316565
-0.187477 0.0326215
-0.187483 0.0324166
-0.187483 0.0324166
-0.210796 0.0349673
-0.19792 0.0240423
-0.197308 0.0242749
-0.227812 0.0226848
-0.227025 0.0229984
-0.19888 0.0139574
-0.203126 0.0251341
-0.212381 0.0233178
-0.197933 0.0190694
-0.208673 0.0264815
-0.205824 0.0219572
-0.231041 0.035886
-0.221993 0.0344184
-0.227868 0.0322579
-0.208708 0.0378619
-0.208607 0.0383742
-0.22333 0.0278117
-0.22333 0.0278117
-0.22918 0.0374475
-0.22723 0.0414827
-0.214143 0.0375878
-0.214143 0.0375878
-0.207488 0.0352833
-0.21094 0.0390531
-0.209455 0.0351187
-0.209547 0.0354346
-0.210334 0.0489228
-0.224913 0.0461518
-0.23591 0.0428501
-0.216795 0.0397627
-0.229939 0.0353669
-0.240229 0.043326
-0.214834 0.0395877
-0.220041 0.0518607
-0.239059 0.0495553
-0.219941 0.0473989
-0.232631 0.0490452
-0.230829 0.0609244
-0.222088 0.0462265
-0.229983 0.0317129
-0.220335 0.0539326
-0.222764 0.0439737
-0.223735 0.0383821
-0.240538 0.0462232
-0.229496 0.0490775
-0.224109 0.0542104
-0.232522 0.0583149
-0.232522 0.0583149
-0.237126 0.0393319
-0.227188 0.0467548
-0.243409 0.0549238
-0.252377 0.0421542
-0.240627 0.0541466
-0.242448 0.0466676
-0.247315 0.0540501
-0.241985 0.0508125
-0.244109 0.0591893
-0.262454 0.0457119
-0.240506 0.0462019
-0.264397 0.0490583
-0.26307 0.0467374
-0.259844 0.0633242
-0.234809 0.0545264
-0.261601 0.0655256
-0.241691 0.0640002
-0.235735 0.0521727
-0.248065 0.060228
-0.238575 0.0634888
-0.258948 0.0514845
-0.277267 0.0627094
-0.259595 0.0664044
-0.277505 0.0516761
-0.272281 0.0723245
-0.278682 0.0607195
-0.259822 0.0610464
-0.239182 0.0770651
-0.261186 0.0554158
-0.261186 0.0554158
-0.273313 0.068816
-0.256409 0.076455
-0.261825 0.0453034
-0.256058 0.050756
-0.29215 0.0759651
-0.261111 0.0653976
-0.262999 0.0571305
-0.286547 0.05764
-0.269734 0.0718281
-0.29608 0.0848408
-0.293188 0.0749324
-0.293463 0.0769326
-0.284656 0.0540927
-0.267192 0.0557757
-0.262435 0.0562919
-0.296159 0.0711978
-0.293284 0.071777
-0.278999 0.0639233
-0.28144 0.0650657
-0.290457 0.0618587
-0.260571 0.0737885
-0.284484 0.0767231
-0.307332 0.0562987
-0.285639 0.0548922
-0.270495 0.0632151
-0.275842 0.0575187
-0.268229 0.0750417
-0.288138 0.0614863
-0.28891 0.0596008
-0.292064 0.0710113
-0.268041 0.069717
-0.277542 0.0654732
-0.277029 0.0710812
-0.278037 0.0632211
-0.287494 0.0654287
-0.26573 0.0610122
-0.262557 0.0669345
-0.287224 0.0574404
-0.288229 0.07075
-0.288229 0.07075
-0.288468 0.0779086
-0.272825 0.0774801
-0.290321 0.0660535
-0.32219 0.0587858
-0.259649 0.0878512
-0.254081 0.0675389
-0.25837 0.0622663
-0.25837 0.0622663
-0.282842 0.0832785
-0.26237 0.0702239
-0.272471 0.0832033
-0.27287 0.0765143
-0.241852 0.0662715
-0.250409 0.0701144
-0.261295 0.0768255
-0.264031 0.0789545
-0.248326 0.0684011
-0.237299 0.0594231
-0.267271 0.0833706
-0.231935 0.069045
-0.246424 0.0773354
-0.250012 0.0832872
-0.233564 0.069613
-0.243322 0.0756074
-0.248489 0.0857608
-0.227091 0.0720635
-0.237166 0.065752
-0.237166 0.065752
-0.238363 0.0676987
-0.218797 0.0689172
-0.221344 0.0709045
-0.224568 0.0743989
-0.240881 0.0805792
-0.240881 0.0805792
-0.227971 0.0911451
-0.219327 0.0895593
-0.235409 0.0804381
-0.240483 0.0697953
-0.237673 0.0637455
-0.230789 0.0855077
-0.232367 0.064859
-0.207201 0.0615694
-0.232645 0.0786222
-0.211403 0.0688926
-0.209609 0.0806354
-0.207175 0.0635645
-0.204485 0.0670264
-0.199923 0.0642303
-0.226874 0.0565343
-0.206718 0.10095
-0.197642 0.063358
-0.199124 0.0625274
-0.231754 0.0672068
-0.195981 0.0777505
-0.197207 0.0583794
-0.197207 0.0583794
-0.202859 0.0805578
-0.202859 0.0805578
-0.207303 0.0746731
-0.186331 0.0775915
-0.189057 0.0870714
-0.203643 0.0744876
-0.2012 0.0697892
-0.199617 0.0777505
-0.179756 0.0801288
-0.189314 0.0707093
-0.187929 0.0749989
-0.203551 0.0700403
-0.200156 0.0733677
-0.200156 0.0733677
-0.178564 0.0704704
-0.177594 0.0734155
-0.176206 0.0767975
-0.170299 0.0752014
-0.174033 0.0808487
-0.174033 0.0808487
-0.168538 0.0642099
-0.168538 0.0642099
-0.188889 0.0659738
-0.15954 0.0781054
-0.170422 0.0753061
-0.16532 0.0860513
-0.168192 0.0826875
-0.171589 0.0875076
-0.170797 0.0728512
-0.164353 0.0665294
-0.164126 0.0659408
-0.181015 0.0752566
-0.153048 0.0823647
-0.169129 0.0947595
-0.165925 0.0947836
-0.175114 0.0778217
-0.166913 0.0759716
-0.166913 0.0759716
-0.179693 0.0846539
-0.179693 0.0846539
-0.181593 0.0952068
-0.181593 0.0952068
-0.154757 0.0877798
-0.156376 0.0804969
-0.166918 0.0897498
-0.167915 0.10055
-0.154635 0.105041
-0.156318 0.0908739
-0.177 0.103245
-0.166223 0.108254
-0.164279 0.11018
-0.153672 0.0966459
-0.168018 0.0901198
-0.168018 0.0901198
-0.164648 0.0978955
-0.156537 0.116025
-0.159853 0.114283
-0.144483 0.0988627
-0.154997 0.112911
-0.161893 0.122243
-0.155611 0.107172
-0.155083 0.111885
-0.151137 0.105749
-0.171762 0.0884918
-0.157202 0.117934
-0.161219 0.101561
-0.149923 0.11378
-0.145909 0.110632
-0.16463 0.120404
-0.144891 0.114488
-0.155029 0.103504
-0.148331 0.119513
-0.136791 0.11874
-0.142638 0.118613
-0.14439 0.11874
-0.148533 0.116141
-0.13265 0.106845
-0.141206 0.129495
-0.147767 0.127026
-0.132567 0.127939
-0.152415 0.131027
-0.153432 0.131568
-0.139385 0.142528
-0.125397 0.119558
-0.152626 0.125708
-0.147886 0.137311
-0.150594 0.135785
-0.151442 0.13357
-0.141187 0.137143
-0.131689 0.128205
-0.133273 0.138213
-0.166246 0.150372
-0.132486 0.131715
-0.132486 0.131715
-0.138176 0.158198
-0.134901 0.154413
-0.142506 0.142438
-0.126576 0.131553
-0.131641 0.150416
-0.140874 0.157114
-0.147901 0.158597
-0.147901 0.158597
-0.141483 0.180005
-0.133803 0.154553
-0.150137 0.149237
-0.150137 0.149237
-0.131302 0.157869
-0.129538 0.16331
-0.130239 0.167156
-0.127461 0.165651
-0.141723 0.176474
-0.136438 0.170869
-0.136826 0.171073
-0.128105 0.186048
-0.151742 0.18491
-0.143003 0.174972
-0.123674 0.172354
-0.126847 0.179295
-0.13328 0.167921
-0.132113 0.167559
-0.126875 0.170894
-0.136159 0.191712
-0.130659 0.194554
-0.137187 0.188939
-0.133752 0.173825
-0.121225 0.178936
-0.128693 0.193109
-0.12438 0.163073
-0.123537 0.17714
-0.136667 0.195506
-0.145152 0.202448
-0.145152 0.202448
-0.129008 0.199071
-0.128996 0.199776
-0.13843 0.2137
-0.128116 0.191688
-0.126675 0.193903
-0.142235 0.189289
-0.137922 0.197211
-0.136676 0.209101
-0.12367 0.198104
-0.123032 0.198619
-0.162684 0.226431
-0.163271 0.22618
-0.121743 0.214747
-0.135379 0.196216
-0.140167 0.220434
-0.140112 0.220206
-0.153658 0.187983
-0.132382 0.220728
-0.142501 0.210468
-0.142233 0.211118
-0.148639 0.217649
-0.144993 0.212764
-0.130713 0.194756
-0.137705 0.226193
-0.16465 0.233897
-0.137423 0.21206
-0.158658 0.215574
-0.141281 0.219676
-0.1616 0.246239
-0.149926 0.226353
-0.12985 0.215648
-0.144848 0.235063
-0.146456 0.227835
-0.133956 0.247633
-0.143591 0.212479
-0.148422 0.224943
-0.149018 0.229174
-0.139878 0.223663
-0.127189 0.22378
-0.137875 0.251289
-0.154247 0.254077
-0.135762 0.233722
-0.146037 0.247633
-0.146323 0.247641
-0.156703 0.220185
-0.157325 0.219685
-0.143594 0.251654
-0.143024 0.251114
-0.163518 0.23638
-0.163023 0.236539
-0.143573 0.244956
-0.142224 0.241453
-0.163428 0.2544
-0.156207 0.253519
-0.150448 0.257241
-0.161834 0.237433
-0.147017 0.252052
-0.171439 0.240434
-0.151061 0.228922
-0.151388 0.230587
-0.163755 0.263378
-0.170286 0.241361
-0.170127 0.253504
-0.161933 0.263661
-0.16155 0.238972
-0.160325 0.244221
-0.198101 0.284668
-0.198101 0.284668
-0.195081 0.278953
-0.162678 0.233569
-0.165088 0.232667
-0.154864 0.236266
-0.158045 0.233088
-0.15165 0.23395
-0.171091 0.244486
-0.167368 0.231435
-0.168993 0.234153
-0.168993 0.234153
-0.181425 0.238936
-0.174414 0.23956
-0.166799 0.23381
-0.180745 0.227194
-0.171306 0.233337
-0.171306 0.233337
-0.187337 0.260008
-0.185589 0.232898
-0.176728 0.223395
-0.171203 0.228116
-0.193588 0.229099
-0.180449 0.252877
-0.183802 0.242604
-0.163531 0.229983
-0.171782 0.238953
-0.209038 0.261606
-0.19603 0.257153
-0.177908 0.238897
-0.197489 0.229821
-0.178214 0.207106
-0.191892 0.224526
-0.189481 0.224156
-0.196994 0.227729
-0.194492 0.221664
-0.188439 0.22332
-0.205687 0.240152
-0.180446 0.209598
-0.180406 0.220295
-0.206041 0.215968
-0.192904 0.214286
-0.188847 0.229095
-0.181539 0.216628
-0.206412 0.242533
-0.206412 0.242533
-0.180836 0.221073
-0.203486 0.231462
-0.198662 0.243839
-0.188389 0.225023
-0.174384 0.224551
-0.176817 0.208177
-0.20701 0.230493
-0.206971 0.229828
-0.19602 0.219304
-0.191836 0.208143
-0.181423 0.211693
-0.180678 0.211399
-0.184564 0.212876
-0.184564 0.212876
-0.190165 0.225099
-0.189491 0.226044
-0.182531 0.230882
-0.176537 0.207054
-0.182029 0.208679
-0.185641 0.224422
-0.178561 0.211938
-0.17724 0.216742
-0.188161 0.208456
-0.182478 0.209187
-0.178063 0.208092
-0.174854 0.207707
-0.182397 0.219002
-0.184945 0.214963
-0.188564 0.22293
-0.179942 0.225152
-0.198818 0.2153
-0.193248 0.203874
-0.198603 0.222595
-0.204785 0.221409
-0.186492 0.215586
-0.186492 0.215586
-0.177452 0.20263
-0.200531 0.225245
-0.187241 0.205722
-0.178137 0.190566
-0.188131 0.234006
-0.181927 0.212973
-0.176446 0.227136
-0.169603 0.200787
-0.167111 0.196568
-0.198822 0.208235
-0.163582 0.206419
-0.180879 0.218408
-0.168216 0.202487
-0.168216 0.202487
-0.175161 0.207054
-0.174724 0.205913
-0.155016 0.20152
-0.154831 0.201785
-0.152853 0.200896
-0.153373 0.198339
-0.153269 0.197502
-0.153186 0.195568
-0.161129 0.212172
-0.161129 0.212172
-0.192322 0.202423
-0.152272 0.202077
-0.152978 0.19781
-0.152978 0.19781
-0.146084 0.197443
-0.146084 0.197443
-0.150061 0.204853
-0.165276 0.206778
-0.164722 0.215716
-0.164722 0.215716
-0.14582 0.198031
-0.144633 0.206752
-0.144442 0.206989
-0.144442 0.206989
-0.149969 0.202351
-0.139059 0.183944
-0.139009 0.180218
-0.140949 0.177549
-0.148238 0.200005
-0.14875 0.197903
-0.148317 0.198314
-0.150785 0.185945
-0.134715 0.196694
-0.148818 0.1938
-0.147797 0.175973
-0.128381 0.193509
-0.133793 0.184564
-0.137001 0.185483
-0.120341 0.164043
-0.131979 0.177373
-0.131763 0.170652
-0.131763 0.170652
-0.133192 0.158872
-0.122922 0.163866
